-1.4564
-1.45632
-1.45624
-1.45615
-1.45605
-1.45594
-1.45581
-1.45582
-1.4557
-1.45562
-1.45557
-1.4554
-1.45519
-1.45444
-1.44919
-1.44923
-1.44853
-1.44695
-1.44481
-1.44319
-1.4417
-1.44011
-1.4383
-1.43581
-1.43361
-1.43115
-1.42929
-1.42682
-1.42389
-1.42012
-1.41659
-1.41357
-1.41021
-1.40692
-1.40324
-1.39969
-1.39528
-1.39141
-1.38702
-1.38321
-1.37932
-1.37523
-1.37244
-1.36955
-1.36736
-1.3628
-1.36461
-1.36517
-1.36623
-1.36635
-1.37058
-1.37684
-1.37994
-1.38102
-1.38402
-1.38574
-1.38805
-1.396
-1.41451
-1.42949
-1.44445
-1.46005
-1.47487
-1.49096
-1.50658
-1.52194
-1.53346
-1.52166
-1.51583
-1.5081
-1.50032
-1.49392
-1.48584
-1.47767
-1.46907
-1.46141
-1.45336
-1.44257
-1.43461
-1.42783
-1.42122
-1.41192
-1.40401
-1.39822
-1.3891
-1.38208
-1.37585
-1.36617
-1.3589
-1.35049
-1.34192
-1.33409
-1.33587
-1.35659
-1.38175
-1.40021
-1.41261
-1.41326
-1.43313
-1.45717
-1.47908
-1.50256
-1.52695
-1.55056
-1.57571
-1.59887
-1.62178
-1.64548
-1.66713
-1.67987
-1.65704
-1.63752
-1.62533
-1.61958
-1.6251
-1.62482
-1.62359
-1.65242
-1.68206
-1.71518
-1.75301
-1.79464
-1.83903
-1.88814
-1.9392
-1.99732
-2.05622
-2.11018
-2.11428
-2.07283
-2.02231
-1.98158
-1.94242
-1.90269
-1.86567
-1.83076
-1.79484
-1.76369
-1.73381
-1.70615
-1.67879
-1.65235
-1.62588
-1.60103
-1.57739
-1.55504
-1.52719
-1.52935
-1.52653
-1.52278
-1.51772
-1.51095
-1.5048
-1.49991
-1.4952
-1.49044
-1.48473
-1.47891

reversal point:
yaw: -1.4779 R.yaw-1.50221
